164 226 169 252 176 279 190 310 212 334 235 353 258 356 283 348 306 323 324 293 331 266 334 241 336 212 273 141 233 136 195 146 
150 318 151 352 156 385 165 421 188 453 219 479 247 484 273 477 296 450 312 420 321 387 325 355 327 321 285 233 241 222 197 230 
109 221 113 253 119 282 132 313 154 342 179 365 204 372 228 367 255 345 281 316 293 281 299 250 301 218 247 138 206 132 166 140 
99 242 94 289 98 336 109 384 143 436 200 469 243 475 287 466 344 428 376 374 384 330 388 285 383 239 301 105 234 92 169 106 
94 218 95 262 101 303 113 345 138 379 173 406 206 413 239 407 276 382 304 347 316 306 322 265 323 219 256 121 207 111 158 120 
91 113 91 131 93 145 95 159 106 178 125 186 140 188 156 185 175 174 185 154 186 141 186 127 185 110 157 65 135 61 113 66 
124 275 122 329 128 380 137 430 171 479 215 517 252 525 294 514 335 472 360 424 368 382 374 337 374 287 311 160 248 143 186 151 
95 201 98 226 102 252 111 279 137 316 173 335 201 337 229 330 259 305 274 269 278 241 277 214 275 186 219 112 180 108 142 118 
80 294 85 321 92 347 105 378 132 405 163 420 189 420 216 413 240 390 255 362 260 330 261 304 261 276 207 193 163 188 121 201 
66 87 66 104 66 121 69 139 82 157 101 171 118 175 133 172 148 159 158 141 162 124 164 109 165 93 143 46 120 39 97 42 
40 77 40 89 42 100 45 113 55 123 66 130 75 132 84 131 93 124 100 116 105 105 107 94 109 83 94 52 79 47 64 49 
155 257 153 296 158 332 165 371 180 404 207 439 239 449 271 445 310 418 339 379 349 343 355 304 357 262 301 154 249 142 195 152 
115 237 118 275 125 308 136 338 160 373 193 399 223 406 253 400 285 376 311 343 323 307 328 272 329 235 274 142 228 134 181 144 
120 200 122 238 129 272 139 304 164 337 195 359 222 365 250 358 277 334 298 306 308 274 314 240 316 200 266 111 222 103 177 111 
101 180 102 215 106 243 112 273 132 311 162 337 190 344 219 339 250 316 273 279 280 247 284 219 285 185 240 96 197 87 154 94 
150 193 160 224 173 252 193 282 215 300 237 314 260 315 285 304 308 277 325 247 330 212 331 185 329 155 258 79 212 80 171 97 
167 202 166 241 168 275 173 309 204 363 258 387 300 391 343 385 403 355 436 296 439 256 439 224 434 189 356 68 297 59 237 74 
151 264 153 302 160 338 172 376 197 409 229 440 260 447 289 440 319 411 345 378 356 340 362 300 362 258 303 167 257 160 209 171 
193 237 194 287 199 329 208 370 232 412 272 442 310 449 349 442 390 412 417 369 424 327 428 285 427 235 365 117 307 106 249 119 
166 296 167 320 172 342 181 367 197 385 217 400 236 403 256 399 276 381 290 359 296 339 299 318 300 294 256 230 223 224 191 230 
65 121 67 138 70 154 77 172 92 188 110 196 124 197 139 193 154 181 164 165 168 147 169 132 169 116 139 72 116 68 93 74 
84 202 83 244 86 278 91 308 117 355 156 385 190 393 224 387 262 361 288 323 297 290 302 255 304 212 259 98 206 86 151 95 
140 266 145 310 154 350 171 395 195 428 222 465 255 477 287 472 324 446 364 411 386 362 397 319 404 272 338 138 273 124 206 137 
78 227 78 251 82 274 90 298 106 315 127 329 145 331 163 327 184 312 199 293 205 272 209 250 209 226 169 170 140 164 112 169 
130 257 132 280 135 299 140 317 155 339 172 355 189 360 206 357 222 343 236 326 243 306 247 285 248 261 223 205 196 199 169 203 
124 229 127 268 135 301 148 335 171 366 199 391 227 397 258 389 288 365 312 334 323 303 331 269 333 225 272 125 222 116 172 126 
142 194 142 229 147 261 157 299 177 333 205 361 236 369 268 363 302 338 328 307 338 271 344 235 346 195 293 90 241 80 189 91 
76 191 77 225 80 255 86 284 105 319 133 345 161 353 186 349 210 329 231 305 242 271 248 238 252 201 223 113 183 104 140 111 
62 110 61 134 62 153 66 172 78 195 98 210 116 215 135 213 157 203 175 184 182 163 185 143 188 120 157 63 131 56 104 59 
152 269 154 308 159 340 165 368 188 405 220 433 247 439 275 432 303 402 323 366 327 333 328 300 325 265 283 184 243 177 202 187 
152 269 154 308 159 340 165 368 188 405 220 433 247 439 275 432 303 402 323 366 327 333 328 300 325 265 283 184 243 177 202 187 
118 243 124 278 131 309 145 342 165 369 192 395 222 402 249 397 279 376 307 347 320 310 325 273 327 232 265 139 218 133 169 146 
154 164 154 189 157 212 162 235 177 260 199 275 218 279 239 276 259 262 274 239 281 216 286 196 289 174 258 106 227 97 195 100 
151 224 154 258 159 288 168 318 187 348 214 368 240 371 264 366 286 343 303 314 309 283 313 254 314 220 276 136 234 129 194 138 
116 215 122 253 130 286 145 324 169 356 204 380 238 384 272 375 306 349 331 315 339 271 340 233 338 191 272 86 218 82 164 101 
148 252 151 288 159 320 169 352 188 381 211 405 237 410 265 402 293 377 313 346 319 315 322 282 321 243 267 157 223 150 180 161 
89 190 89 223 93 253 102 282 121 304 147 320 170 325 197 320 228 301 248 279 256 249 260 221 259 191 211 113 172 105 133 112 
87 210 91 240 98 269 112 301 135 325 159 343 182 347 207 339 233 315 253 285 261 256 265 228 265 198 202 127 162 121 125 130 
86 166 86 199 89 228 96 253 116 278 146 293 170 298 197 292 230 274 250 247 256 222 259 196 259 166 207 92 169 84 132 90 
91 182 91 211 94 240 100 272 120 302 151 322 177 327 204 322 234 302 251 274 258 245 260 216 261 185 216 107 177 98 139 105 
94 192 94 228 100 261 112 297 136 324 164 345 189 351 218 345 249 322 273 294 284 264 291 232 293 195 235 106 189 95 145 103 
94 197 98 236 107 271 122 304 145 329 174 348 201 353 231 344 263 319 285 291 295 260 300 225 299 184 230 96 183 90 137 101 
82 169 83 201 86 228 92 255 116 287 150 302 177 306 206 301 241 283 261 253 267 229 269 201 268 167 213 91 174 83 136 90 
92 174 90 202 92 228 99 255 119 283 151 299 175 301 202 295 236 274 253 243 257 219 258 196 256 171 208 89 166 81 126 90 
90 224 92 254 98 279 106 304 127 334 154 353 178 358 201 354 222 337 237 318 248 289 253 261 256 231 225 151 187 142 147 149 
99 217 101 255 107 291 119 328 143 358 174 384 206 392 234 386 266 363 294 331 307 296 313 259 316 217 251 128 206 119 160 128 